# 3D point list with one line of data per point:
#   POINT3D_ID, X, Y, Z, R, G, B, ERROR, TRACK[] as (IMAGE_ID, POINT2D_IDX)
# Number of points: 492, mean track length: 2.8617886178861789
1 15.117576454050184 5.2866940809035254 11.451529383757489 132 98 66 1.6449448189198212 13 2 16 1 15 0
2 15.017752262900887 5.4035482315721106 11.269232476933043 62 119 58 0.09270745647555545 13 47 16 99
3 15.017752262900887 5.4035482315721106 11.269232476933043 62 119 58 0.09270745647555545 13 48 16 98
4 14.981817394485116 5.432303426935853 11.529015835705525 182 183 120 0.53216138657729539 13 49 16 55
5 15.081896983471969 5.4456443214828285 11.472839826253992 60 118 57 0.57345496934320495 13 76 16 81 14 73 15 63
6 14.834996831874074 5.488805694195487 11.600791285526348 58 113 53 0.88273394123004112 13 87 16 108
7 14.994581212482043 5.5331304393702609 11.509043875754037 77 124 64 1.0836901746680998 13 129 16 135
8 15.084752203007875 5.5510820660370683 11.454086569421735 58 114 55 0.94555680200145364 13 139 16 145 14 132 15 131
9 14.720861939449238 5.5588340539425793 11.635172968460413 60 108 52 0.61401660272153591 13 157 16 155 15 142 14 140
10 15.156590882568011 5.5659294748905097 11.412418410889623 59 112 54 1.064349726905766 13 170 16 166 14 150
11 15.156518837566599 5.5740018169437224 11.411635965933375 180 181 118 0.80042440310264096 13 172 16 169 15 151
12 14.772808095097325 5.5857586525099636 11.604658908835491 62 107 52 0.79592215928438537 13 177 16 175 14 159
13 14.920726629829996 5.593053859428454 11.528041613033372 61 116 55 0.35297829301501138 13 178 16 176
14 15.169468259227934 5.6097844022437684 11.390687800218865 58 109 53 0.27157542465093948 13 180 16 180
15 14.834707021590109 5.6814883175467212 11.544786492510552 85 148 77 0.56665117453543035 13 213 16 213 15 197 14 196
16 15.036583490034522 5.6919642470445915 11.43108758711406 135 173 99 1.0417014322591509 13 220 16 380 15 387
17 14.921904542146972 5.7170857923132461 11.489211668618443 190 190 127 0.86945655694274326 13 235 16 234 15 212 14 384
18 15.003930717154145 5.7029679767922312 11.4419637055121 67 126 64 0.85850535636249725 13 236 16 236
19 15.128727654049605 5.7329807067599106 11.375764187007926 187 185 124 1.0184928241368714 13 244 16 397 15 406 14 391
20 14.675512886699542 5.7281079566132753 11.61824755956801 175 144 108 0.90712923343495622 13 249 16 243 15 233 14 236
21 14.916666648289649 5.2677235713928274 11.560479555852551 186 156 119 2.0440922189606598 13 264 16 411
22 14.970673118611227 5.2856400113839621 11.528410218638168 185 156 119 1.0656481285134403 13 265 15 249
23 15.034275023842646 5.2884710861704409 11.492031642085673 185 155 118 1.2390027806747914 13 266 15 250
24 15.020019626661373 5.3209239175483498 11.509416985651583 126 172 95 1.9235598916168084 13 267 16 255 15 252 14 253
25 14.983578144623046 5.3363046640574812 11.529674181301967 76 151 74 1.3376137141612539 13 268 16 256 15 251 14 254
26 15.192037808455764 5.3669430915654264 11.414996032244797 182 190 121 1.4208389719642658 13 283 16 425 15 438 14 423
27 15.08448258226171 5.4284475246609816 11.231521503725816 83 129 68 0.7803000834167213 13 310 16 331
28 14.841042701099589 5.4717868827793765 11.353204776127763 78 117 59 0.98726762697809323 13 316 15 340
30 15.160239606998976 5.5089517490666209 11.421041153304911 60 117 56 0.83427718094569947 13 329 16 328 15 326 14 313
31 14.91589001752476 5.5501390288944785 11.544353184998657 60 117 56 1.0943462433179323 13 339 16 343 15 354 14 322
32 14.966008062874089 5.5844641200085601 11.508129985737719 155 165 103 0.69699184892146127 13 363 16 354 15 364 14 343
33 14.966008062874089 5.5844641200085601 11.508129985737719 155 165 103 0.69699184892146127 13 364 16 355 15 365 14 344
34 15.135610791563098 5.5956981686386555 11.414404241392885 154 163 102 0.50278217792039936 13 365 16 357 15 367 14 345
35 14.950012072637074 5.6931561194773499 11.478621396892763 68 130 66 0.94814813272383747 13 378 16 396 15 386 14 365
36 14.998874941836707 5.6939665417667218 11.451711101256693 64 122 61 1.0346543007390288 13 380 16 505 15 527 14 513
37 14.773504965465035 5.709484953469107 11.575736177805011 89 150 77 0.43992867558976112 13 392 16 510 15 401
38 15.100110753881875 5.7043708099430237 11.396687992529966 65 121 61 1.0030800079739413 13 396 16 382 15 405 14 388
39 15.383555484795451 5.7778183138464492 11.231982035276147 249 244 232 0.81898771610428445 13 408 16 402 15 414 14 400
40 15.399953123061879 5.8258892684650494 11.210956838030041 251 246 235 1.0876245056455227 13 413 16 410 15 422 14 404
41 14.9412958449399 5.2657113065081154 11.551244534453691 184 154 117 0.64815294821663605 13 418 15 425
42 15.055533855066136 5.2749231733353481 11.482208983406718 95 67 42 1.7912605718808379 13 420 16 416 15 428
43 15.083283489586641 5.2712754146109333 11.472766962150859 186 156 118 1.6301799255110112 13 421 16 415 15 429
44 15.052131619526557 5.3250082045668252 11.492069569157497 139 173 99 1.3237205149385869 13 424 16 419
45 14.910053087453882 5.4843582309525889 11.558989801194761 61 121 58 0.97002477481905114 13 459 16 452 15 474 14 457
46 15.078266516022808 5.4776506647456165 11.470472375963469 60 117 57 0.65912004698873139 13 461 16 454 15 477 14 459
47 14.953577618842875 5.5348763765475004 11.526526725235691 60 116 56 0.97372417817012336 13 479 16 474 15 496 14 486
48 14.75810892879552 5.55562654287586 11.620467464403838 50 100 45 0.87570780535126236 13 483 16 341 15 502 14 492
49 15.206132648586628 5.5770324265760678 11.383823149750608 183 183 120 0.80225787532639481 13 488 16 488 14 499 15 509
50 14.809082589012601 5.586028623707219 11.588631536046844 85 123 65 0.42081568795564656 13 492 16 491 15 514
51 15.235151301430768 5.6149097300592627 11.356654483108317 52 104 46 0.29599069464463906 13 494 16 492 15 516 14 503
52 14.990038450529713 5.6868454579981291 11.462453112478565 158 183 111 0.73810086791895768 13 506 16 504 15 603 14 512 14 585
53 15.049099157690494 5.6979369813160679 11.424185749495219 64 123 62 1.0852875065855156 13 508 16 381 15 529 14 515
54 14.869052168955376 5.7004765346628776 11.520695314878775 193 193 129 0.80234729063296495 13 520 16 584 15 534 16 511 14 521
55 14.966750628049555 5.727396183832183 11.463503948313916 67 129 65 0.90732770072947588 13 521 16 400 15 541 14 530
56 14.998862436115646 5.7097114342321023 11.448134234590984 66 126 64 1.0164206288937225 13 522 16 512 15 535 14 522
57 15.187230101023349 5.7247181872755126 11.346890842721271 193 189 128 0.88939697461475831 13 523 16 514 15 537 14 525
58 15.345174910155421 5.7414558853492386 11.263716394263037 56 106 51 0.39677939164112841 13 525 16 518 15 539 14 527
59 15.022232823311658 5.7308224191206127 11.43172768841764 95 136 75 1.1296354141939657 13 529 16 528 15 612 14 532
60 15.297243523453114 5.7487136894925328 11.287225456333523 100 137 76 0.51479090088535462 13 531 16 517 15 543 14 533
61 15.341706958764819 5.7511106169168063 11.26347153851292 71 119 59 0.50700347757320297 13 532 16 519 15 413 14 534
62 15.399477762466596 5.7748310816106354 11.223761837468681 139 104 70 0.79018458570012651 13 535 16 404 15 545 14 535
63 14.942728206965716 5.2836385636724312 11.543349326239502 255 251 241 0.82727249055461005 13 539 15 619
64 14.979116009086725 5.3448958842344689 11.534333920140181 180 185 119 1.3056089908747706 13 542 16 539 15 552 14 546
65 15.083008841269951 5.3488246053031432 11.471758906679471 174 182 115 0.62811025164052192 13 543 16 542 15 554
66 14.706389884999627 5.3925795127703768 11.667338696814625 119 141 81 1.063370375944253 13 553 16 549 15 561 14 552
67 15.007358873545 5.5548122875873407 11.497488378511484 179 180 118 1.0132289034951754 13 574 16 569
68 15.008504018384947 5.5541384759405048 11.493783978959097 179 180 118 1.1350685029819298 13 575 16 570 14 572
69 15.103199373150472 5.5601500961702905 11.442197903410475 176 178 116 0.8275487399773227 13 578 16 571 15 590 14 575
70 14.982885963028313 5.6024051279588569 11.49059723835928 65 115 56 0.37902771841788829 13 581 16 575 15 595 14 577
71 15.030153439648716 5.5960311845394601 11.468901908024753 88 126 66 0.45546026002019263 13 582 16 574 15 596 14 618
72 15.105605046878106 5.6101175595908002 11.424578604829774 72 116 58 0.16816745764237803 13 583 16 614 15 639 14 619
73 14.856965385189021 5.6774046910943685 11.537283091123632 160 189 113 0.57143650426748671 13 588 16 622 15 646 14 583
74 14.973316761307084 5.715817235550575 11.461665851093462 185 187 124 0.94067882465359021 13 590 16 586 15 607 14 590
75 15.07443890754524 5.7231702505013544 11.404918640701464 188 188 126 1.2650563916450897 13 592 16 588 14 591
76 15.261228316343736 5.7457505724769327 11.305953587854557 124 148 89 0.61773901795887765 13 594 16 590 15 614
77 15.046731637547143 5.4025065663668865 11.253624825340912 152 164 103 0.14648301090428123 13 606 16 607
78 14.84100516407957 5.5577034271087973 11.582869534637679 110 134 77 0.93560792649025892 13 616 16 612 15 635 14 616
79 15.066276350378571 5.5990638902279644 11.450269977178868 94 127 69 0.38437922102703598 13 619 16 576 15 638 14 578
80 15.133222524747506 5.7079737727008775 11.380028416398391 62 119 60 0.82241830623457246 13 627 16 628 15 652 14 631
81 15.133222524747506 5.7079737727008775 11.380028416398391 62 119 60 0.82241830623457246 13 628 16 629 15 653 14 632
82 15.183457160285023 5.5190180829833624 11.408480624085728 57 111 53 0.74165089423268304 13 641 16 644 15 666 14 642
83 14.932840225672248 5.5497988758913648 11.536799860744317 57 114 54 0.99198926276386468 13 642 16 645 15 668 14 643
84 14.887244574248097 5.331378993198685 11.576096919549913 76 153 75 1.4727646904912588 13 666 16 652 15 709 14 667
85 14.960890253012929 5.3487362207459972 11.542674329002981 175 181 115 1.091163049606662 13 669 16 654 15 684 14 669
86 14.868131175683423 5.6670055786645177 11.54400812451143 162 207 120 0.92212681074171932 13 677 16 699 15 745 14 736
87 15.157504200355826 5.7357315357397018 11.36064813533187 63 120 60 0.97698043383553024 13 681 16 671 15 703 14 689
88 14.862020915030493 5.3961217416465761 11.592540796809882 108 143 80 0.38494383906575519 13 685 16 673 15 712 14 701
89 15.185656167561641 5.4386853403633229 11.418832106605645 62 122 58 0.65334482313144182 13 689 16 676 15 717 14 706
90 15.230834740924026 5.418821698022259 11.396394484018225 179 186 120 0.73742466988187005 13 690 16 678 15 719 14 708
91 14.979892924729537 5.4516799211218618 11.527831509328641 160 173 110 0.59718851289382546 13 692 16 679 15 720 14 709
92 15.053430873603297 5.4565497975385062 11.485843052207697 71 125 62 0.72181507215662233 13 693 16 704 15 721 14 710
93 15.053430873603297 5.4565497975385062 11.485843052207697 71 125 62 0.72181507215662233 13 694 16 703 15 722 14 711
94 15.127517981933975 5.4597166550633638 11.446632815027671 107 143 81 0.60863646183566855 13 695 16 680 15 723 14 712
95 14.933852239009877 5.4736798016896397 11.548469379236829 62 123 59 1.019362740508108 13 697 16 682 15 725 14 714
96 15.055881512891418 5.4935826304722575 11.480684360104361 70 123 62 0.67739886030891794 13 698 16 685 15 728 14 716
97 15.055881512891418 5.4935826304722575 11.480684360104361 70 123 62 0.67739886030891794 13 699 16 684 15 727 14 717
98 14.928777674167902 5.5266527437756965 11.541514954771985 60 120 57 1.2180947666399102 13 705 16 690 15 733 14 724
99 14.928777674167902 5.5266527437756965 11.541514954771985 60 120 57 1.2180947666399102 13 706 16 691 15 734 14 725
100 15.053056643040584 5.5253042029042003 11.474935040617753 121 145 86 1.0973304531771666 13 707 16 692 15 735 14 726
101 15.053056643040584 5.5253042029042003 11.474935040617753 121 145 86 1.0973304531771666 13 708 16 693 15 736 14 727
102 15.187758399343506 5.544405616047106 11.401746756670182 56 111 51 0.90481477372338348 13 709 16 695 15 738 14 729
103 15.187758399343506 5.544405616047106 11.401746756670182 56 111 51 0.90481477372338348 13 710 16 694 15 737 14 728
104 14.985887477513335 5.5559310069717318 11.506495650859806 127 152 90 0.96182591791554528 13 712 16 696 15 741 14 730
105 15.127213085343145 5.5645584336839775 11.428800836028474 103 137 77 0.77786841972218868 13 715 16 697 15 742 14 731
106 14.756505660714543 5.5703110572934786 11.613976959730662 105 126 70 0.50367793771607849 13 724 16 705 15 751 14 739
107 14.935553844481868 5.5823426740190181 11.524413086163912 55 111 51 0.66997145542902126 13 726 16 707 15 752 14 740
108 15.167668475757576 5.5977711333338052 11.398345946527371 52 104 48 0.50539038998937624 13 727 16 708 15 753 14 741
109 15.173899798029174 5.3714433343882231 11.431091311978941 73 146 72 1.573971460390077 13 735 16 719 15 766 14 750
110 14.661474918544078 5.8835242183591667 11.598235247422163 253 250 238 1.5279722412446857 13 745 15 775 14 758
111 14.661474918544078 5.8835242183591667 11.598235247422163 253 250 238 1.5279722412446857 13 746 15 776 14 759
112 15.40555623470603 5.949861599393258 11.184703871761981 255 254 249 1.3465980881783031 13 747 16 729 15 777 14 760
113 15.40555623470603 5.949861599393258 11.184703871761981 255 254 249 1.3465980881783031 13 748 16 730 15 778 14 761
114 15.045675226350829 5.632514105414546 11.455869956279443 251 249 237 0.57370745175216054 13 754 16 740 15 782 14 766
115 15.158048027964266 5.6977183731560315 11.373425704392384 84 168 84 0.39742398520969713 13 757 16 741
116 14.840233905569155 5.6672583617812835 11.617708272698664 180 208 127 0.39228542478581474 13 765 16 747
117 15.128876412549134 5.5835545277328356 11.471895384342034 121 143 84 0.58492314510058108 13 766 15 792
118 14.928803103734921 5.3199579848517979 11.558163575792022 120 167 93 1.5915502117966931 13 5 15 1 14 1
119 14.922431822446089 5.3375103113380824 11.559316140577954 181 186 118 0.93690560031592529 13 6 16 11 15 2
120 15.088624597990135 5.3272692877061854 11.466124603505708 88 165 84 1.629609619424313 13 8 16 4 15 5
121 15.084783295141918 5.3390623796235399 11.473925241271177 78 153 76 1.7726673693061035 16 5 15 6 14 5 13 9
122 14.923026869674592 5.3509511521416666 11.562671358590979 180 183 118 0.94606690904951485 13 18 16 12 15 12 14 11
123 15.124633462134909 5.35549924783618 11.432633279152073 178 184 117 1.3824165802188997 16 20 15 18 14 18
124 15.250651910891527 5.4019751280946195 11.355996568147644 63 125 59 0.17371779184278446 16 40 15 29
125 14.025853266634698 4.9877788641040812 10.663452822712824 71 140 68 1.3346053091239467 16 119 15 31
126 14.89796488460094 5.4045581487356769 11.574785260511753 185 185 122 0.45737625912046764 13 44 16 49 15 39 14 42
127 15.266871905400336 5.411466755607786 11.348693640881372 63 125 60 0.28395388050885645 16 41 15 48
128 14.947740150931727 5.4483945935952525 11.544184592168685 59 112 54 0.57594464571774651 13 65 16 72 15 54 14 64
129 14.947466691573304 5.4485138099255899 11.545224308257977 59 112 54 0.57989403982928911 13 66 16 73 15 55
130 15.054405589348843 5.4472545874309679 11.472023687130509 56 109 52 0.4589252926094502 16 82 15 65 14 75
133 15.108128351365361 5.4367820273485323 11.446520651764041 173 176 115 0.43829527571246057 16 58 15 68
134 13.863550051339137 5.0211267858053166 10.747076894076011 182 181 120 0.93724131212003936 16 148 15 69
135 15.135791980683928 5.4602478328316897 11.414234455533236 181 181 119 0.58850034529039752 16 84 15 71 14 80
136 15.240409447610839 5.4661921400474602 11.352387279582961 140 157 95 0.75534873187573481 16 88 15 76
137 15.282076579672117 5.4403534581460127 11.316135263263977 70 132 65 0.71870221618928409 16 311 15 78 14 84
138 14.092481818168803 5.051965976060834 10.646387232715933 107 167 88 0.57530422860013197 16 351 15 79
139 14.754801189894284 5.454819048330136 11.655934738551331 66 131 63 0.21824665490156239 16 90 15 80 14 60
140 14.763320639645483 5.4840892763629601 11.673940747682398 115 151 83 0.098896750313267723 16 91 15 81
141 14.873079612586416 5.4727657917746466 11.588393748038721 58 110 52 0.52501536602799515 16 93 15 82
143 15.214396740995975 5.5542960595775321 11.649911975054152 57 110 52 2.772021550851369 13 145 15 86
144 13.742251252813595 5.0416645433770118 10.839478535730365 186 184 122 0.081762291748689472 16 163 15 87
145 15.099559393995035 5.468531738479534 11.444110107750955 186 185 122 0.54887844501111394 16 96 15 88
146 14.74997954391284 5.4835893046558333 11.635124093709734 65 128 62 0.57736610362262364 13 85 16 102 15 96 14 99
147 15.174930649335787 5.5196757678477546 11.382945366887395 182 181 119 0.81070378512580366 16 113 15 108 14 111
148 14.878497770740887 5.5193555093800013 11.569890170510492 55 106 50 1.1407223555569341 13 107 16 132 15 122 14 122
149 15.014707541635325 5.5442584949513076 11.482006847151817 56 108 52 0.54447973211741241 16 139 15 128
152 14.963788900146962 5.5628754420120012 11.506882570210593 185 182 120 0.43653367600519721 16 161 15 147
154 14.74837305727316 5.5687357213501691 11.623612570962793 60 106 50 0.4242728347982363 13 159 15 157
155 15.068024084575836 5.5950125892033284 11.450231724029841 53 105 48 0.22156417790317073 13 179 15 160
156 15.129953169250991 5.603793348427291 11.397243934799455 50 103 44 0.20604001925309473 16 179 15 161
158 15.356322104741928 5.6156073496634642 11.278964820879978 140 158 94 0.30374629492851923 16 359 15 166
159 14.856007879121433 5.653046750918012 11.539272676059015 104 197 101 0.65212580406326492 16 191 15 175
160 14.859622444266671 5.6526365040120687 11.535228448103801 104 197 101 1.7414195971465174 16 192 15 176 14 180
161 15.126980765887955 5.6730015440956718 11.408719107761478 82 157 76 0.98532335262476056 13 198 15 182 14 184
162 15.223497307011112 5.6785417722781153 11.336166491083999 101 190 97 1.2824764800272703 16 197 15 187 14 358
163 14.930328459377987 5.6842846925601727 11.498785203277729 171 188 115 0.15244760266149604 13 217 15 199
164 15.229144117286122 5.7114503191283541 11.329302897742116 63 115 58 0.66468486884363109 13 245 16 228 15 204 14 231
165 14.803987504825777 5.7109944786630944 11.54825897465698 97 146 85 0.60883085463347064 16 244 15 209
166 14.911310683933701 5.69996376091804 11.49319287163963 190 188 127 0.90516761068425522 16 229 15 210 14 214
167 14.911310683933701 5.69996376091804 11.49319287163963 190 188 127 0.90516761068425522 16 230 15 211 14 215
168 14.937122670994954 5.6981998441853623 11.48269066430513 191 189 127 1.0184809141764626 16 231 15 213
169 14.960247565142266 5.6971536297560332 11.472384312435128 192 189 128 1.0159754182889971 16 232 15 214 14 216
170 14.972303237123395 5.6960954193751538 11.46129905726621 67 120 61 0.99441233839044652 16 235 15 215 14 218
171 15.006295492639294 5.718844184000468 11.441965849577423 62 117 59 1.008199477800729 13 237 16 237 15 217 14 221
172 15.038179736607594 5.7224517059207765 11.426747369164174 61 116 59 0.59230735890582276 13 238 15 218
173 15.089897770765377 5.7075036773881314 11.401137023243544 192 188 127 1.082606235170348 16 238 15 222 14 223 13 240
174 15.123587568651251 5.7154983610046424 11.392111978013565 196 191 130 1.0412025168038834 16 240 15 223 14 226
175 15.136041372141493 5.7188518181815651 11.374693981275366 190 188 126 1.0128820782894676 16 242 15 225 14 228 13 243
176 14.630023823070319 5.7192239496724113 11.61316925486391 153 119 82 0.83805162379725107 16 250 15 232
177 14.671649676408622 5.7377620627781765 11.619210698109002 174 143 106 1.0156818865517296 13 251 15 235 14 237
178 15.387475062989774 5.7840687936192259 11.226520048839154 178 147 112 1.0685423763694561 13 257 16 248 15 236 14 242
179 14.620352596088505 5.7588804797148381 11.604805386695018 178 148 113 0.90437771453535365 16 409 15 238 14 402
180 14.622330500122825 5.7826710570128972 11.602999169232797 183 152 115 0.56967008998466828 16 252 15 240
181 14.660164511031612 5.7655069778548595 11.617653219108396 250 245 234 0.98331383708325037 13 256 16 408 15 241 14 241
182 15.406907135681047 5.8639688385623536 11.201045796786106 182 153 117 0.74124616765041951 13 416 15 247 14 246
183 15.406907135681047 5.8639688385623536 11.201045796786106 182 153 117 0.74124616765041951 13 417 15 248 14 247
184 15.073185348786891 5.3408518192505383 11.477615101368839 75 151 74 0.7730349976421188 13 269 16 259 15 254
185 14.713916650415417 5.3521328952976814 11.663644717094551 71 140 68 1.2989133870309275 13 425 16 7 15 255 14 414
186 14.764729451590513 5.3470971007961534 11.63972495646866 87 161 80 0.72872971236763451 13 270 15 256 14 257
187 14.80323040214164 5.3430973794700041 11.619827747280642 108 167 87 0.81746656923460026 13 426 15 257 14 415
188 14.859655553517307 5.3648512651718061 11.625331484752436 72 145 71 0.92919792390434741 16 9 15 258 14 258
189 14.875406724446407 5.3578153365975716 11.584758603783049 68 133 64 0.14320666726075551 13 274 15 259
190 14.986559209222388 5.3696523265003275 11.550378959600888 63 125 60 0.13275462431208918 16 262 15 260
191 15.008630255311131 5.3605837941595551 11.522514604501252 146 163 100 0.8854239194206025 16 263 15 261 14 261
192 15.10431744712818 5.3492200635410914 11.456679323565497 123 161 92 0.33189116127357665 16 264 15 264
193 15.133762311119684 5.3491542882327225 11.446649466987745 175 181 116 1.6297203716155311 13 282 16 19 15 265 14 16
194 15.093154258915504 5.3637821875042633 11.453003951480854 64 126 61 1.1103532747230089 16 265 15 266 14 266
195 14.752933834813117 5.3987892675454452 11.702550591456506 147 165 116 0.94947271177496351 16 27 15 269 14 21
196 14.947438223526188 5.3755827721663456 11.550015456795878 158 168 106 0.43557743537093979 13 287 16 271 15 275 14 272
197 14.980819754922285 5.3977934208114844 11.531499452630429 60 116 56 0.45640820591730752 13 288 15 278 14 274
198 15.301806416124904 5.4110983088850793 11.355559336577032 87 140 72 1.1765381854197858 13 39 15 286 14 282
199 15.295755471100067 5.437041969175735 11.31983811027083 65 131 63 0.37871997624935316 16 295 15 297
200 15.076157264908112 5.4935104680584885 11.46854112430356 56 109 52 0.42301289201448633 13 321 15 313
201 14.922851032936881 5.4159081935061701 11.311121886179439 164 171 109 1.0586117295139805 13 298 15 317
202 15.12840011998667 5.4885092006716389 11.425097022928341 164 171 109 0.68023676267365552 16 319 15 318
203 14.865910701068612 5.4950043417763466 11.584871516880025 171 174 113 0.91080195576160339 16 324 15 320 14 309
204 14.906864536744171 5.4965396357341536 11.560223315189599 177 178 117 0.54917597858378198 16 325 15 322
205 14.948346172279846 5.4957550500257266 11.533443849761719 60 110 54 0.78162736112254516 16 326 15 323 14 312
206 15.182162222693508 5.507221704650374 11.386962065503257 183 182 120 0.78090043419663979 16 329 15 327
208 14.965838776682585 5.5248953771173728 11.523995557503195 149 158 100 0.57601440119577052 13 340 15 337
209 15.016617841459762 5.5449572508467933 11.490139567519076 56 106 51 0.69016077966140299 13 341 15 338 14 323
210 15.05718101853809 5.5469440603313682 11.469858388933957 82 117 62 0.55520657255897643 13 343 15 341
212 15.247192731748191 5.5432775299278454 11.330034847418885 55 107 50 0.8429947473436783 16 337 15 348
213 15.253609583044438 5.5547911036419491 11.329104042803351 53 106 48 0.93472770662516169 16 338 15 349 14 333
214 15.02536134437506 5.5695494787010782 11.481666945579329 136 148 90 0.54204893765782813 13 356 15 355
215 15.030228405524339 5.5774851712651605 11.475981343901694 50 99 45 0.75473056483542866 16 347 15 356 14 335 13 357
216 15.031538842598721 5.5835984771715834 11.474443546459511 52 101 46 0.43697458061223837 13 358 15 357
217 15.055829449231757 5.5819749619804204 11.444730260481487 52 101 46 0.35119450686367104 16 356 15 359
218 15.198878562164223 5.5687787844985399 11.389410797600931 51 100 45 0.83353354177180383 13 360 16 349 15 360 14 338
219 14.727610091824914 5.574053813981048 11.629420724555038 130 145 87 0.71670588833886439 13 361 16 174 15 362 14 341
220 14.864810572125917 5.5882659451191135 11.557161946251457 64 112 54 0.59044383850669246 13 362 15 363 14 342
221 15.120849330712989 5.5905565829752177 11.406922477738805 162 167 107 0.48341070174809603 16 358 15 368 14 346
222 15.287648971542929 5.6195382553712738 11.324931475948064 85 119 63 0.15621358323217283 13 366 15 369 14 348
223 15.295130478116945 5.6883667818986794 11.321625035297533 94 185 92 1.7415731275244257 13 385 16 372 15 378 14 375
224 14.720436769539248 5.6739400708233436 11.605400933268683 84 141 70 1.0829802588142936 16 375 15 384 14 582
225 15.070951094480078 5.6690445771939322 11.388020475823891 84 166 83 0.45194634014774165 16 379 15 390 14 514
226 15.148251210860796 5.686136953090557 11.386626504700921 186 191 123 0.32614547003742844 13 381 15 391 14 368
227 15.147641183904602 5.6864066341268282 11.387371647367459 186 191 123 0.45898251582596883 16 384 15 392 14 369 13 382
228 15.230327489103379 5.7163125963752179 11.360890672743393 152 168 104 0.81513727560872129 16 385 15 394 14 373
229 15.22812105372407 5.6886174976481465 11.350565242884377 218 218 143 1.067538755199875 16 224 15 395 14 372 13 384
230 15.290757267389141 5.6978034042034551 11.319980551301112 95 184 92 0.57903498661286823 13 510 16 387 15 396
231 15.26311409160374 5.7033121888557465 11.321438086702276 89 166 84 0.35334699242777795 13 226 16 388 15 397 14 201
232 15.317744003584478 5.6968719615002703 11.284448208791739 93 182 91 1.1800093956029372 16 389 15 398 14 378
233 15.353443667366397 5.7063475834704454 11.275783756693606 203 212 135 0.47728109441653888 16 507 15 399
234 14.625416320338756 5.6965631877257241 11.62900925529663 183 153 115 0.24258159002412905 16 523 15 400
235 14.989665428477505 5.7016362582942426 11.456924443840757 128 147 91 0.48592949082445402 13 393 15 403
236 14.966064925244073 5.720018085934834 11.466335853026072 175 179 118 0.21600799599191436 13 394 15 404 14 386
237 15.358498174062463 5.7228216839037271 11.264583128175772 95 128 69 0.24937221827366576 16 392 15 408 14 232
238 14.668487826061769 5.7091594832288708 11.630731909852017 252 249 237 0.32387485599892768 13 391 16 399 15 409
239 15.08007517906467 5.7369547683359929 11.40223136791667 63 116 58 0.47491640325519585 13 404 15 411 14 398
240 14.618884118682022 5.7288306126643809 11.616303272647661 185 155 118 0.91254953937478123 16 405 15 415 14 397
241 15.40584873212674 5.7987464522090084 11.229492853084068 172 140 103 0.48932218461363475 16 406 15 417
242 15.002027794964718 5.2828165015937074 11.553612654979085 77 54 32 1.5987435250553814 16 414 15 426
243 15.048499535456868 5.2670189952439346 11.504240860806709 191 160 122 1.6668628836350685 13 419 15 427 14 410
244 15.108845035380467 5.2803237647687897 11.468742488329264 184 151 113 2.0640884847730945 13 422 15 430 14 250
245 14.866330705999474 5.3258678943791393 11.585351898184358 79 160 78 1.7838895609631387 13 423 16 417 15 431 14 413
246 14.871056483990477 5.3496150094913331 11.588630760528996 180 184 118 1.0401507319684826 13 427 16 420 15 433 14 416
247 15.010132722657726 5.3506969091020435 11.516600730288785 65 130 63 0.96991631440825121 13 428 16 421 15 434 14 417
248 15.009954659759513 5.3663431970953974 11.512087333162974 64 125 61 0.9330061366976663 16 422 15 435 14 418
249 15.058865057802462 5.3543937662714036 11.491529239431035 67 133 65 1.0426761966316955 13 429 16 423 15 436 14 420
250 15.063631034867884 5.3711310574959423 11.488341911727773 63 124 60 0.6766259786889367 16 424 15 437 14 421 13 430
251 14.738836969848617 5.3824158076059154 11.654025537007252 63 126 59 0.80703529409116603 13 431 16 426 15 439 14 424
252 14.847505652328547 5.3914094556599377 11.62439049550521 61 120 57 0.033258357627954649 16 427 15 440
253 14.904123462924863 5.3843058652897087 11.588384432455598 61 121 58 0.29413963193166875 16 428 15 441 14 426
254 14.95710809483843 5.4022867041016589 11.554466084302318 185 184 122 0.1694584495433076 16 429 15 442
255 15.146072870419083 5.4097169459582872 11.441917643921251 183 183 120 0.59338576801293441 13 437 16 430 15 444 14 428
256 15.146732215124176 5.4095313320416549 11.442579145362627 183 183 120 0.49849797312723049 13 438 15 445 14 429
257 15.339504346658057 5.3949451084913811 11.307213885607924 86 159 78 0.45907785799566347 16 432 15 447
259 14.790415736727976 5.4081530743162798 11.657297726168707 58 117 54 0.17255858465357643 16 433 15 449
260 15.319934008863619 5.4153965718252088 11.291110537862233 130 168 94 1.7093218548134999 16 552 15 458 14 289
261 13.650675606509434 5.0101550108177255 10.897285935264939 152 163 102 0.43925150189007506 16 473 15 460 14 442
262 15.112094801796529 5.5073506832496069 11.703017106414428 152 163 102 0.34158920734243275 13 463 15 461 14 443
263 14.897348080963107 5.4523532012743434 11.568349702613494 181 182 119 0.5684104595930336 13 450 15 463 14 446
264 15.009588385197429 5.4406282627420133 11.512258139308821 57 111 53 0.51072651465794572 13 451 16 442 15 464 14 447
265 15.022735282778935 5.4562387570830539 11.496656073811197 56 111 53 0.47183715403255355 16 443 15 465
266 15.076801654740464 5.461436685815106 11.474367926955152 57 110 53 0.64513882571277215 13 453 16 445 15 466
267 14.780173546743601 5.4664888465669073 11.661067804807598 64 130 62 0.36549454962934841 16 449 15 472 14 455
268 14.90126412681335 5.4624079481969998 11.567442508966556 56 110 52 0.93038762927942598 13 458 16 451 15 473 14 456
269 13.908875691179533 5.0456546237696092 10.7179143166919 56 110 52 1.334729669153615 16 489 15 479
270 15.205218023935934 5.5021332533287124 11.398407596133833 55 108 51 0.28467547927871056 13 464 15 480 14 465
271 14.764912668341475 5.4861998474091633 11.629307157579998 62 125 59 0.73297219515986911 16 460 15 484 14 466 13 467
272 15.23391480704592 5.5034476095157778 11.347139578785718 58 114 54 0.82763244671621694 16 467 15 491 14 477
273 15.25088983948949 5.5205655153368793 11.334124820442883 57 113 53 0.86162382856662856 16 468 15 492 14 478
274 14.791638851499551 5.522007986659843 11.6231833526485 56 112 52 0.49563432017384168 16 471 15 494
275 15.137759955134065 5.5410153947933747 11.404149052172578 54 105 50 0.81153940774668942 16 477 15 499 14 488
276 14.899406505192397 5.5562819333153923 11.547495884231003 176 179 116 0.46316873604397246 16 481 15 504
277 15.077678066318212 5.5656019993861143 11.455023147549323 52 103 47 0.79374063010788931 13 487 16 486 15 507 14 498
278 15.061967211776832 5.5770318158236671 11.446861662027802 51 99 45 0.41908858594421217 16 487 15 508
279 15.2020203632754 5.585331308099323 11.381823975489819 50 98 44 0.33131829995161033 13 489 15 510 14 500
280 15.226453975305771 5.5793137377536253 11.353090346307708 48 95 42 0.70143774980485341 16 490 15 511
282 15.088869879399162 5.5882891229198064 11.441693714278543 142 155 95 0.42680658249175224 13 493 15 515 14 502
283 15.038276145066213 5.6612485449737653 11.463732311424545 130 189 102 1.3226271769846123 13 501 15 522 14 505
284 14.737810388309688 5.6567084216960204 11.596623080469316 187 205 126 1.4940690187717174 16 503 15 525 14 510
285 15.065638093983663 5.6940368977814186 11.420997244283495 159 179 109 0.53116054367235566 13 507 15 528
286 14.830411571683733 5.6946202303369349 11.544931397816589 66 127 64 0.56644669528581193 13 376 16 509 15 532 14 520
287 15.232487801955207 5.7250702187690479 11.324410968000771 62 119 60 0.70955773800264454 13 524 16 515 15 538 14 526
288 14.644446137787169 5.707947976809808 11.611886062847045 141 107 73 0.79897824552880081 16 524 15 540 14 528
289 14.974932976613117 5.7346100606367516 11.456524403732137 252 250 238 1.0907298886853329 13 528 16 527 15 542 14 531
290 15.403388059930975 5.7650649947417509 11.224513933364054 255 255 252 0.53784160263036762 13 533 15 544
291 14.651556468511677 5.747043761370354 11.625467059392117 154 121 86 1.0182189004055493 13 527 16 532 15 546 14 537
292 14.619655253864186 5.7478570514409508 11.60814795547673 182 152 115 0.91175170057368449 16 533 15 547 14 399
293 15.148510693656204 5.2919327432969903 11.439617170022149 255 255 255 1.0120616475429649 16 538 15 549
294 14.986871477891565 5.3301398674159319 11.554580286317465 85 162 80 1.0495994969205178 16 418 15 550
295 15.136362636293459 5.3379814633584299 11.43918946515792 82 166 81 1.5014089847437957 16 598 15 551 13 540
296 14.997780961261437 5.3510234464143149 11.543926176875258 177 183 117 1.3994989601168282 16 540 15 553 14 547
297 15.087366341454027 5.3496299210223466 11.473426972502388 177 183 116 0.48367434476805771 16 541 15 555
298 14.756762072985987 5.3802537736264959 11.692640143182837 90 137 71 0.82320133442181531 16 543 15 556
299 14.782750745179765 5.4087501988436335 11.68124575910055 169 175 110 0.40683549923510837 16 548 15 562 14 553
300 15.297079530533962 5.4100667862523464 11.304621878933206 173 185 114 1.3501371124047676 16 551 15 565 14 441
301 15.053429253141882 5.4604278093875545 11.483536701864477 70 116 60 0.73136686205171342 13 557 15 569
302 14.778699568824171 5.502362967275003 11.641589560982467 168 176 110 0.73739787252991518 16 560 15 580 14 565
303 15.103199373150472 5.5601500961702905 11.442197903410475 174 177 114 0.8275487399773227 16 572 15 591 14 576 13 579
305 15.275538003814136 5.7033126212290037 11.339334951525659 210 215 141 0.57164609211997996 16 583 15 604 14 518
306 14.973316761307084 5.715817235550575 11.461665851093462 184 184 123 0.94067882465359021 13 591 16 585 15 606 14 589
307 15.024050813687589 5.7578211284668015 11.43244317746918 255 253 242 2.9547963077486612 16 592 15 613
308 14.704321027671089 5.8986821309271953 11.578819224066152 0 0 0 0.54848914248680813 13 602 15 618
309 15.068090114327179 5.2884145777468676 11.475115361411051 254 251 241 1.9944345128309564 13 603 16 537 15 620
310 15.224767396837519 5.3646141535159204 11.38374731063467 88 168 83 0.59155474571272992 16 634 15 621
311 14.711371108163167 5.4155704813881096 11.660619648829163 98 143 76 0.80007911733546189 13 605 16 602 15 622 14 602
312 14.993924237887002 5.5012053107109047 11.473042163669698 100 128 72 0.68717465580606107 16 643 15 629 14 608
314 15.06411228184467 5.5184723469980863 11.443713257220118 150 160 101 0.51026845452242164 16 608 15 631
315 14.84179692000332 5.5572582609025005 11.580407682068644 105 126 72 0.74884667806226402 13 617 15 636 14 615
316 14.659173918596153 5.5959212611820233 11.665692595450979 253 251 239 0.16080400275682982 13 491 15 640
317 14.858874060302748 5.6303728863043627 11.540013002581576 117 200 104 1.9856562230588515 16 618 15 642
319 14.81766346950503 5.6997471355878959 11.563636225907679 139 159 98 0.39246685986116692 16 625 15 651 14 630
320 15.258815584785495 5.7292469724998352 11.309436701267472 113 139 82 0.33772503057546205 13 629 15 654 14 633
321 14.859288613688129 5.357333815749139 11.630036290462387 101 163 85 1.4785057584200578 16 633 15 659 14 636
322 14.915072071761889 5.3954434104506728 11.565750017828966 60 118 56 0.35495708571607776 16 635 15 660 14 637 13 639
323 15.177814077380187 5.4133192082317239 11.425944700516848 60 119 57 0.78316725915479768 16 636 15 661 14 638 13 640
324 14.922337216770689 5.4997183982113089 11.540961743515263 55 108 51 0.84010913467160864 16 641 15 665 14 641
325 14.740585308344778 5.7015096907787637 11.595757871513349 130 155 93 0.71507247917883365 13 652 16 649 15 674 14 651
326 14.740585308344778 5.7015096907787637 11.595757871513349 130 155 93 0.71507247917883365 13 653 16 650 15 675 14 652
327 15.336347842247369 5.746915087512865 11.266176010505371 144 156 97 0.39297749123337827 13 658 15 676 14 655
328 15.336347842247369 5.746915087512865 11.266176010505371 144 156 97 0.39297749123337827 13 659 15 677 14 656
329 15.598317636435024 5.9823351446049324 11.254198079895161 1 1 1 0.81106029955629955 16 701 15 681 14 696
330 14.921841978976202 5.2823483577939605 11.610591808839679 1 1 1 0.88593911180637963 16 651 15 682
331 14.971084055697398 5.3271114828802215 11.53966263494692 103 161 85 0.7313880541964034 13 667 15 683 14 668
332 15.111091686588233 5.3572827033627313 11.460933958422354 172 178 114 0.21328503631830587 16 655 15 685
333 15.168912057387038 5.3515962947289148 11.43598356276507 81 164 80 1.8373707725982882 16 653 15 686 14 670
334 14.715454466291938 5.3625680385660113 11.660496512495678 130 156 90 0.5227846932566611 13 670 15 687 14 699
335 14.903785880067405 5.4342688661772565 11.552479267241402 57 111 53 0.7068358612881479 16 656 15 688 14 672
336 14.903785880067405 5.4342688661772565 11.552479267241402 57 111 53 0.7068358612881479 16 657 15 689 14 673
337 15.16337710276164 5.4495541952430919 11.403969141870849 57 111 52 0.4498525149114157 16 658 15 690 14 674
338 15.16337710276164 5.4495541952430919 11.403969141870849 57 111 52 0.4498525149114157 16 659 15 691 14 675
339 14.911441820293154 5.5409947568947295 11.531736938826995 53 105 49 0.54309897538385243 16 662 15 694
340 14.911441820293154 5.5409947568947295 11.531736938826995 53 105 49 0.54309897538385243 16 663 15 695
341 15.183194151169095 5.5634176919508249 11.40070036062094 52 101 47 0.68424627029325946 16 664 15 696
342 15.183194151169095 5.5634176919508249 11.40070036062094 52 101 47 0.68424627029325946 16 665 15 697
343 15.186885859691216 5.6628253708146206 11.37456277083262 81 165 78 2.5508223191069219 16 667 15 700 14 734
344 15.342958265502999 5.7190830511130235 11.269194698093768 118 137 80 0.21200440032131787 13 654 15 704 14 653 14 683
345 15.0424112603904 5.3850304199377552 11.499918163131838 75 125 63 0.67132248351150825 13 686 15 710 14 700
346 14.915024029971063 5.4212945319494557 11.562542052515454 57 112 53 0.63190063400247665 13 687 16 674 15 713 14 702
347 14.915024029971063 5.4212945319494557 11.562542052515454 57 112 53 0.63190063400247665 13 688 16 675 15 714 14 703
348 15.154531613384195 5.4276103758104544 11.402666045464349 56 111 52 0.55482149562153049 16 677 15 718 14 707
349 14.734820763440544 5.4505442407171332 11.648469250583215 78 136 67 0.22990670240944994 13 691 15 724
350 14.929768529561704 5.4730723888402117 11.546942316948391 57 111 53 0.80368509603337246 16 683 15 726 14 715
351 15.177673383992692 5.4880869405842123 11.415664553829009 55 108 51 0.8719394512951264 13 701 16 686 15 729 14 719
352 15.177673383992692 5.4880869405842123 11.415664553829009 55 108 51 0.8719394512951264 13 700 16 687 15 730 14 718
353 14.880518044633815 5.5016766429583912 11.571316641977853 115 142 82 0.99349770398737325 16 688 15 731 14 720 13 702
354 15.234074068073502 5.5243639537698348 11.380090186257652 115 142 82 0.78806690410865543 13 704 16 689 15 732 14 721
355 15.041390046089047 5.5889830070420174 11.457074550887215 76 115 59 0.46063532442952165 16 698 15 743 14 732
356 15.229282048804841 5.6920543316453518 11.341176373572351 199 211 134 0.67579157967831305 13 719 15 746 14 737
357 15.512240759530405 5.8549519202216009 12.137718319632468 255 252 242 1.088948269764817 16 732 15 750
358 15.337861289267815 5.6866550857966232 11.308184443532987 114 194 100 1.3591587796694331 16 711 15 756 14 735
359 15.038899418319669 5.7232624755271626 11.441744581598527 81 124 67 1.115514331521821 16 712 15 759 14 744
360 15.343230634444966 5.7706999780260695 11.254716216967262 254 251 237 0.41818814788785419 13 733 15 760 14 745
361 15.029251223400749 5.3405294876756679 11.503094637723033 110 154 85 1.1838156807762614 16 718 15 765 14 749
362 15.309083566389981 5.4101242360749451 11.347170144623037 124 159 91 1.7947424677477981 13 736 15 767 14 751
363 15.375009151526307 5.8273833032993601 11.3184178536301 0 0 0 1.382933877377936 16 716 15 771
364 14.722520006190139 5.6071317490709749 11.624878728363159 254 251 241 1.1207773654700579 13 753 15 781 14 765
365 15.231445401285326 5.5736417061581784 11.355499334652263 172 177 113 1.3447964516950988 13 762 15 784 14 768
366 15.230783420291255 5.5737891459148656 11.354439058631232 172 177 113 1.1938586755604657 13 761 16 744 15 785 14 767
367 15.006323519824264 5.8255106622629578 11.394175551232125 0 0 0 1.0941831864729006 16 746 15 789
368 15.131499923326702 5.5825011081838154 11.442634309666976 96 125 70 0.10429609553774544 13 767 14 776
369 16.772524980278597 6.0512294334337442 12.150185632096512 68 115 57 0.04214240730369833 16 62 15 138
370 16.868431993950654 6.0626787106299451 12.08577555095864 170 183 113 0.70517606332065563 16 64 15 139
371 16.596875072207773 6.0941869025634539 12.243855041334678 66 106 52 0.39426710873723592 16 95 15 152
372 16.768837934315314 6.1337636840772713 12.149060585987852 161 168 105 0.40918095212508471 16 100 15 164 14 163
373 16.803124682112706 6.0195095972601926 12.115324356680718 83 129 67 0.38211665069176698 16 282 15 330
374 16.626065873892568 6.0681258706709542 12.248046977976259 55 105 50 0.51934663563336425 16 304 15 343
375 16.846043540346233 6.1039547796837343 12.073337227717877 67 133 63 0.23288186706761857 16 458 15 513 14 340
376 16.731089839575844 6.098860711517446 12.185388115642491 182 182 119 0.0025680254958072631 16 557 15 592
377 16.597160032336298 6.0329917770804231 12.271946213727684 121 140 84 0.97128539104215561 16 601 15 630 14 609
378 14.978192713453987 5.3370836163553639 11.54729927314437 79 152 75 2.4542464987593391 16 3 14 2
379 14.779701710394749 5.3460926743560622 11.636505647106757 98 164 87 0.50016757126596012 13 12 14 6
380 14.833386089406341 5.3486614759735742 11.608040794939674 77 153 74 0.74919831344700061 13 13 15 9 14 8
381 14.919126368016503 5.3451856882934559 11.56955436001776 72 142 69 0.152824369039291 13 16 14 9
382 14.919126368016503 5.3451856882934559 11.56955436001776 72 142 69 0.152824369039291 13 17 14 10
383 14.920911790245503 5.3519438997524915 11.568273739383885 180 185 119 0.18583673981639293 13 19 14 12
384 15.27710056950062 5.3710394361927385 11.348821779419829 0 0 0 0.47095981392483371 15 268 16 24
385 -0.11007727148027245 0.33725583217319388 3.3291611518745112 58 116 53 0.0010950601176331171 15 114 14 24
386 15.178206826233081 5.367111581561522 11.368823647350361 78 149 75 1.4076696848857706 16 34 14 31
387 14.727237889137713 5.4092095152528881 11.65406138064586 174 178 113 0.18391883250797467 13 40 15 32 14 39
388 14.895312291359657 5.4153720071246969 11.597056767411654 186 185 122 0.21803929587063028 16 48 14 44
390 15.11672431302479 5.4261683637017395 11.457490670404985 61 117 57 0.18953648185405331 13 50 14 49
391 15.198916137515338 5.4216268779228676 11.412891997438502 183 184 121 0.56916540444512431 13 52 15 46 14 53
392 15.198916137515338 5.4216268779228676 11.412891997438502 183 184 121 0.56916540444512431 13 53 15 47 14 54
393 15.022994105038673 5.4415867852107018 11.505275310135488 58 112 54 0.27677956243953039 13 73 14 70
394 15.014992353601139 5.4583682455981775 11.486902966458658 59 114 55 0.62501785374339391 16 80 14 72
396 15.127142509738704 5.4570044175982533 11.41073922824001 181 181 119 0.54298720224788743 16 85 14 81
397 15.284011670962878 5.4511826889411985 11.364552813901545 66 129 61 0.43784680850566793 13 82 14 82
398 14.723278021397736 5.4988892437872776 11.640103980469464 122 147 84 0.083086758840114544 13 325 14 100
399 15.218909052223227 5.5180367092741038 11.387776794725465 171 177 113 0.011901709834558526 13 116 14 108
400 15.226382419106137 5.5332204254218533 11.381573358349565 182 182 120 0.03670183950011098 13 143 14 113
401 15.553577439323307 5.5335843631217898 11.220023540285176 216 235 151 0.19530869445695792 13 333 14 115
402 14.723275750044133 5.5127413684572861 11.639197356358359 68 132 65 0.13951921446552862 13 335 14 117
403 14.743294588302813 5.5151347789349314 11.633223213352917 60 121 57 0.68740144902093991 13 126 15 119 14 118
404 14.75106238879509 5.5114717124139716 11.629339395089687 170 174 110 0.69319181614091896 13 101 15 120 14 119
405 14.830631958821266 5.5355720174786907 11.588922022461787 52 102 46 1.5885063083854298 16 130 14 121
406 14.979915327259882 5.5205666326806355 11.502276641849194 58 113 55 1.1295123058437002 16 133 14 124
407 15.277025573980938 5.5445155448238603 11.299469893595335 67 133 64 0.83817827544523837 15 140 16 151 14 137
408 14.751826979406525 5.5484232421783037 11.619191227496328 58 114 53 0.12851129857171317 13 156 14 139
409 14.954999060808708 5.5591931544432827 11.516782686566048 180 180 118 0.25228396677281834 13 161 14 145
410 14.953987659333357 5.5598576744315915 11.519780605874704 180 180 118 0.72414136198081136 13 162 15 146 14 146
411 14.972860289175619 5.5675564675547085 11.492614663599598 52 103 47 1.014371325845052 16 162 14 147
412 15.113936985326411 5.5763702876454992 11.430182475502781 184 182 120 0.15886679620146929 13 168 14 149
413 15.132496615939521 5.5576450661857377 11.40055892459511 56 107 50 1.0675590545111686 16 167 14 151
414 15.313378180449863 5.6203548464152453 11.299945413106666 62 107 55 0.17489262486379775 16 181 14 166
415 14.754717044881669 5.619812956834898 11.596144398627935 251 249 237 0.93979185851669134 16 186 14 169
416 15.444239966086577 5.6399820171294435 11.236517518068133 101 195 98 0.39708467470313669 13 185 14 171
417 15.58898679510877 5.6724439620775158 11.183059925403031 199 225 139 1.6338149907648454 13 375 14 172
418 15.326305791534937 5.6636602281161226 11.293701623192183 251 250 237 0.10288748062867036 13 204 14 189
419 15.129163319886336 5.6986774338081272 11.386716009629334 171 185 115 0.20121953957082733 13 221 14 197
420 15.489882686601232 5.697655118473012 11.21458527498022 102 191 98 0.96976242938872903 13 227 14 207
421 15.571248344961534 5.7212911389337426 11.175081841749808 120 217 121 1.6830338926311212 13 515 14 209
422 14.846380262735224 5.7178269299111584 11.532813728054673 166 176 115 0.44952002615932185 13 231 14 213
423 14.916445627154655 5.7218395865406659 11.482652193538584 72 129 66 1.0414323065887721 16 245 14 238
424 14.664818835476183 5.7555362040312472 11.61678800791937 251 246 235 0.86067076264019682 13 255 14 240
425 15.410869969205251 5.8024942931039396 11.20714614592986 185 155 118 0.034155994837582485 13 259 14 243
426 14.737310003807854 5.34846985237757 11.653543947346851 113 156 85 0.60648736375360346 13 271 15 8 14 256
427 14.826948199814717 5.3547518963509093 11.613084695716729 72 146 70 0.4213034793651364 13 272 14 259
429 15.067766523975779 5.3635180622859382 11.492128241578538 146 161 99 0.071864032327786737 13 279 14 264
430 14.779902722625465 5.381762106937809 11.634121243084476 83 128 66 0.43082065375417133 13 285 14 269
431 15.063819112853443 5.3772364272729734 11.490011914491701 64 126 61 0.56552524111032554 13 281 15 263 14 275
432 15.115643204094944 5.3794393294065737 11.439170317355986 163 172 110 0.85111321516428917 15 443 16 277 14 277
433 15.111243544707893 5.3865971063495284 11.417949433078254 63 124 60 0.49280131111595848 16 279 14 279
434 14.693448175636741 5.3885780680811006 11.671988603221855 152 167 107 0.26549354637149591 13 284 14 283
435 15.28140790411863 5.4414603635540661 11.363863164175566 64 125 60 0.74612853216877895 13 301 15 296 14 287
437 14.905067072026405 5.4445217324756552 11.565827687989584 60 114 55 0.62304598249658294 13 307 15 303 14 291
438 14.947215636460289 5.4415898277681007 11.545051677815225 184 184 121 0.64679188949891042 16 302 14 292
439 14.995944769392462 5.4429812371415407 11.51797255083231 175 178 116 0.35240150472611054 13 308 14 294
440 15.158304067263412 5.4530127517653328 11.432212758732621 181 182 119 0.0095717476115000817 13 311 14 296
441 15.190759371000674 5.4533534126319996 11.355568939590682 61 121 57 0.46617777827231566 16 309 14 298
442 14.965937838203757 5.4815080344055511 11.528021643412361 169 174 112 0.60040566053933597 13 317 15 310 14 300
443 14.779735779682531 5.5092728280903547 11.613877315478481 136 151 91 0.30930429910296586 13 326 14 308
444 15.464217415834556 5.5395580988590405 11.248516700740931 173 144 107 0.5285509469931513 13 331 14 319
445 15.278276573945826 5.5393327927106011 11.350824678721105 131 155 91 0.014223182513558114 13 347 14 329
446 15.077264427470475 5.579635365003961 11.448200046116545 51 103 47 0.20694957427996949 13 359 14 336
447 15.072718314578699 5.5698528268274954 11.443336366634794 141 152 95 0.66318700349751769 15 358 16 348 14 337
448 15.519955138374115 5.6217976817730611 11.226545207487414 0 0 0 3.1902450746868372 13 620 14 349
449 15.441591930939175 5.6329740029687612 11.238728962841833 255 255 243 0.76995152275841006 13 368 14 351
450 15.550852173035533 5.6666468369064873 11.205688297859508 213 228 142 1.5488447410726414 13 370 14 353
451 15.245735965047508 5.6842912479482779 11.34294978215369 103 188 96 0.9498955718893608 13 383 15 186 14 359
452 14.844152028203224 5.665947547664608 11.549796913818119 197 207 133 0.090891059058174989 13 500 14 362
453 14.851566480606154 5.6753977490193002 11.523164418380794 153 179 108 0.51946708384577867 16 376 14 364
454 14.98027077791998 5.6750189545678342 11.479816250686296 85 167 84 0.6384125212052072 13 377 15 526 14 366
455 15.054620331830963 5.7073299162502709 11.421997974778392 154 165 106 0.21711986527787785 13 395 14 387
456 15.096859858875373 5.7258624803801377 11.397335101368837 119 143 86 0.26378396002857474 13 397 14 389
457 15.077937236675709 5.7292917496916811 11.405463507997759 174 178 117 0.23540504062718326 13 398 14 390
458 15.406721158971246 5.8083679719445067 11.210638937881907 153 121 86 0.57941726372999891 13 536 15 419 14 403
459 15.408929908212487 5.8334694386909067 11.203534322412546 179 148 112 0.72058328357189383 13 414 15 423 14 405
460 15.395925077638394 5.8391797953667943 11.207756370479506 254 251 240 0.21569376467702966 13 415 14 406
461 14.825779585256305 5.383788934524814 11.612916106946555 61 123 58 0.48334659840268829 13 432 14 425
462 14.948115461632266 5.4079796768414958 11.548720971486349 61 118 58 0.34119184765957344 13 443 14 434
463 15.150362252242989 5.4190223619493034 11.439309302323998 60 118 56 0.43415142403592472 13 446 15 455 14 438
464 15.320899024585211 5.4298819099915079 11.344237166720863 71 141 69 0.39573276768790666 13 303 14 440
465 14.898116678301996 5.4518329160181835 11.566608766019622 180 182 118 0.37337136131814908 13 449 14 445
466 15.031454671220203 5.4567823191585916 11.497102799347561 57 113 54 0.34210328992655625 13 452 14 448
467 15.096061413044559 5.4452338875796142 11.465461163059388 58 114 54 0.32442252851319808 13 454 15 467 14 449
468 15.212841613447463 5.4710171866489086 11.398916489959383 187 185 122 0.27166066352230583 13 456 15 470 14 452
469 15.016871678234608 5.4701630190529231 11.489566197872783 59 115 56 0.60554340833070641 15 476 16 453 14 458
470 15.254000504198848 5.4793711467915216 11.376167025613308 60 121 57 0.1971132709094669 13 466 14 463
472 14.850191155498026 5.4871020845397327 11.584706931084412 56 110 52 0.39800410931514763 13 457 14 469
473 15.153757824405263 5.5156048366151014 11.422553087662292 184 183 121 0.13960361609693428 13 473 14 474
474 15.153757824405263 5.5156048366151014 11.422553087662292 184 183 121 0.13960361609693428 13 474 14 475
475 15.155421525718248 5.5255920283393527 11.4199209510814 56 109 52 0.41372681236553205 13 475 15 490 14 476
476 15.269002158305277 5.5537859105424392 11.353214039466661 142 156 96 0.29398196928521797 13 482 15 501 14 489
477 14.907904172398464 5.5557588831753151 11.54163073276932 179 180 117 0.25779663265045616 13 485 14 494
478 15.247987244805776 5.5842451305516008 11.357315746958498 50 101 44 0.054736877798474998 13 490 14 501
479 15.570979235139193 5.6871914243963104 11.184120807293358 105 204 106 1.5900017465320242 13 503 14 509
480 15.059625974722035 5.7177755477807199 11.426892320535524 62 119 60 1.408560376029661 16 513 14 523
481 14.684581627106484 5.7230093523327055 11.616327162132903 251 246 236 0.91050249620041634 13 526 15 410 16 525 14 529
482 15.429914197844234 5.766880696788415 11.209091079249811 157 123 87 0.037402509214056606 13 534 14 536
483 14.835488413763798 5.3925589664808857 11.605538241049123 175 180 116 0.3806853202604652 13 547 15 557 14 549
484 14.835488413763798 5.3925589664808857 11.605538241049123 175 180 116 0.3806853202604652 13 548 15 558 14 550
485 15.14659219089423 5.4094903026962768 11.442654206810865 183 184 121 0.48971203330888774 13 551 15 559 14 551
486 14.731462097708686 5.3916706379756603 11.654192982824378 165 172 108 0.27029502489593921 13 545 14 554
487 15.198722853297872 5.3969919488222837 11.354971359194733 177 183 117 0.5303610062064783 16 546 14 557
488 15.218068492484369 5.4015939443358043 11.333441995494869 66 130 63 0.56581867924481788 16 550 14 558
489 15.102471548358784 5.4550478102467501 11.460776626692761 179 181 118 0.69916601899830677 13 558 16 555 14 559
490 15.142241319412372 5.4929988602425075 11.433471778372173 165 170 110 0.087377177376201765 13 560 14 562
491 14.760239074886307 5.4941142369992573 11.62578160271879 164 171 107 0.1761950560804324 13 563 14 566
492 14.859121076270897 5.4959148966091993 11.57833535511876 173 176 113 0.47719246777560459 13 565 14 568
493 14.955179793515132 5.533300409541984 11.522120656629953 56 110 53 0.26868652271731974 13 573 14 571
495 14.927705296574656 5.6755856540669312 11.506922269320246 87 171 86 0.23714218552524424 13 505 14 584
496 14.734803045367393 5.6951984293811462 11.594788824098288 64 125 62 0.35486054143941659 13 519 14 587
497 15.083433820831987 5.7257053125021207 11.408881786174536 186 185 124 1.3862446612605108 16 589 14 592
498 14.727585915808934 5.4950596975278616 11.640222066609974 155 169 102 0.033001491172841971 13 610 14 606
499 14.729749007641905 5.5163664340845147 11.634875369074889 92 138 73 0.011636599011344943 13 613 14 612
500 14.787985359899636 5.5539696596334078 11.602830700480324 107 130 73 0.066418817922254 13 615 14 614
501 15.597031576819957 5.6655470306452367 11.183307779212058 143 165 124 2.1943906533062441 13 623 14 621
502 15.023434678972585 5.6720873143045569 11.457419698420583 153 201 115 0.15153504864297257 13 624 14 623
503 15.516439277465963 5.6997092981746498 11.201992576937119 138 202 114 1.065553841096865 13 650 14 627
504 15.337852295189096 5.9342092574764971 11.227363838303097 1 1 1 0.33990241740403104 16 595 14 634
505 14.953747736873124 5.6508587352007398 11.50494470676734 99 197 97 0.12141721057408281 13 645 14 648
508 14.973742600866688 5.3789782750274551 11.538727787531986 147 162 100 0.29707909373154023 13 671 14 671
509 15.240179065479094 5.4521825511892228 11.389489512865923 149 164 102 0.1882625964275465 13 672 14 676
510 14.991698500146125 5.48464089014157 11.513674749100224 142 157 97 0.43656319487104001 13 673 14 677
511 15.410748978189101 5.7788158688819671 11.218038573048386 126 89 55 0.38957501709891607 13 682 14 693
512 14.814468769551901 5.464614063847419 11.603879861143897 115 137 79 0.30875545332528853 13 696 14 713
513 14.640098422207499 5.6096299209661078 11.664887283852041 1 1 1 0.27853912889643184 13 676 14 733
514 15.328002740817661 5.6112439058142272 11.302604659207233 129 154 91 0.80396817814430577 13 728 15 754 16 709 14 742
515 15.327240805472636 5.6114200659154303 11.301479722656794 129 154 91 0.74131101691158907 13 729 15 755 14 743
